29,49
29,48
29,47
29,46
29,45
29,44
29,43
29,42
29,41
29,40
29,39
29,38
29,37
29,36
29,35
3,2
3,1
3,3
10,137
10,285
10,199
10,91
10,169
10,101
10,145
10,1
10,83
10,2
10,3
11,5
11,15
11,19
11,13
11,23
11,1
11,25
11,2
11,3
8,7
8,12
8,13
8,14
8,9
8,1
8,15
8,2
8,3
12,2
12,1
12,3
20,2
20,1
20,3
19,2
19,1
19,3
28,5
28,4
28,3
28,2
28,1
28,0
27,4
27,3
27,2
27,1
27,0
26,4
26,3
26,2
26,1
26,0
25,4
25,3
25,2
25,1
25,0
24,3
24,2
24,1
24,0
9,7
9,6
9,5
9,4
9,3
9,2
9,1
0,511
0,510
0,509
0,508
0,507
0,506
0,505
0,504
0,503
0,502
0,501
0,500
0,499
