61,5
61,4
10,219
61,3
10,133
61,2
61,1
10,305
61,0
58,5
58,4
58,3
58,2
58,1
10,283
58,0
55,5
55,4
55,3
10,239
10,83
10,2
55,2
10,3
55,1
55,0
54,6
8,7
54,5
8,10
8,6
54,4
54,3
54,2
54,1
54,0
49,4
49,3
49,1
46,3
46,1
42,3
42,1
39,3
39,1
38,3
8,16
38,1
37,3
37,1
34,4
34,3
8,11
34,1
11,29
11,28
11,27
11,25
11,24
11,23
11,22
11,21
11,20
11,19
11,18
11,17
11,15
11,14
11,13
11,12
8,12
11,11
11,10
11,9
11,8
12,2
12,1
11,7
12,3
11,6
11,5
11,4
11,3
11,2
11,1
10,313
10,309
10,307
10,303
10,293
10,286
10,279
10,273
10,269
10,252
10,248
10,235
10,228
10,227
10,224
10,221
10,213
10,209
10,208
10,207
10,201
10,199
10,197
10,185
10,181
10,179
10,177
10,175
10,173
10,172
10,171
10,167
10,161
20,2
