0,270
273,5
273,4
273,3
273,1
266,3
266,1
265,5
265,4
265,3
265,1
263,3
10,246
263,1
11,29
11,27
10,12
11,25
10,282
11,24
11,20
11,19
11,18
11,17
10,272
11,16
11,15
11,14
11,13
11,12
11,11
11,9
11,8
10,290
10,256
11,7
10,284
11,5
10,307
10,10
10,305
11,4
11,10
11,26
11,28
11,1
11,6
11,2
11,3
10,289
10,279
10,270
10,267
12,2
12,1
12,3
10,262
10,260
10,253
10,243
10,235
10,233
10,229
10,224
10,222
10,216
10,214
10,203
10,191
10,189
10,181
10,180
10,179
10,171
10,149
10,126
10,117
10,98
10,76
10,32
20,2
20,1
20,3
10,6
10,3
19,2
19,1
10,2
19,3
10,1
9,7
9,6
9,5
9,4
9,3
9,2
9,1
8,18
8,17
8,15
8,14
8,13
8,12
8,11
8,10
8,9
8,8
8,7
8,5
18,1
8,4
18,3
14,1
8,3
14,3
